1431185615.69 9.36889648437
1431185616.79 4.76980209351
1431185617.9 4.77933883667
1431185619.0 4.99868392944
1431185620.11 4.93192672729
1431185621.21 5.07974624634
1431185622.31 4.76980209351
1431185623.42 4.97007369995
1431185624.52 4.70066070557
1431185625.63 4.74834442139
1431185626.73 4.86040115356
1431185627.83 4.81986999512
1431185628.94 4.86993789673
1431185630.04 4.92000579834
1431185631.14 4.89854812622
1431185632.25 4.89139556885
1431185633.35 4.77933883667
1431185634.45 4.91046905518
1431185635.56 4.83179092407
1431185636.66 5.22994995117
1431185637.76 4.91046905518
1431185638.87 5.17988204956
1431185639.97 4.82940673828
1431185641.08 5.0892829895
1431185642.18 4.92000579834
1431185643.28 4.80794906616
1431185644.38 4.81986999512
1431185645.49 4.89854812622
1431185646.59 4.97961044312
1431185647.69 4.84848022461
1431185648.79 4.92000579834
1431185649.9 4.8508644104
1431185651.0 5.20849227905
1431185652.1 5.12981414795
1431185653.21 4.81986999512
1431185654.31 4.75072860718
1431185655.41 5.12981414795
1431185656.52 5.00822067261
1431185657.62 4.74834442139
1431185658.72 5.12981414795
1431185659.83 4.76026535034
1431185660.93 4.96053695679
1431185662.04 11.6100311279
1431185663.14 4.86040115356
1431185664.25 4.97007369995
1431185665.35 4.84132766724
1431185666.45 5.02014160156
1431185667.55 4.76026535034
1431185668.66 4.75072860718
1431185669.76 4.84848022461
1431185670.87 4.88185882568
1431185671.97 4.76026535034
1431185673.07 4.91046905518
1431185674.18 4.90808486938
1431185675.28 5.07020950317
1431185676.38 4.82940673828
1431185677.49 4.89139556885
1431185678.59 4.82940673828
1431185679.69 4.87947463989
1431185680.79 4.81033325195
1431185681.9 4.97961044312
1431185683.0 4.88901138306
1431185684.1 4.86993789673
1431185685.21 4.83894348145
1431185686.31 4.86993789673
1431185687.41 4.98914718628
1431185688.51 5.02967834473
1431185689.62 4.92000579834
1431185690.72 5.07020950317
1431185691.83 4.8508644104
1431185692.93 5.2490234375
1431185694.03 4.89854812622
1431185695.14 4.93192672729
1431185696.24 5.00106811523
1431185697.34 5.0106048584
1431185698.45 4.98914718628
1431185699.55 4.94861602783
1431185700.65 4.65059280396
1431185701.76 4.82940673828
1431185702.86 4.89139556885
1431185703.96 4.92000579834
1431185705.07 4.97007369995
1431185706.17 5.02967834473
1431185707.27 4.80794906616
1431185708.38 4.97007369995
1431185709.48 4.97961044312
1431185710.59 4.798412323
1431185711.69 5.22994995117
1431185712.79 4.97007369995
1431185713.89 5.00106811523
1431185715.0 5.02967834473
1431185716.1 4.73165512085
1431185717.2 5.12027740479
1431185718.31 4.94861602783
1431185719.41 4.83179092407
1431185720.51 4.86993789673
1431185721.61 5.10120391846
1431185722.72 4.8508644104
1431185723.82 5.699634552
1431185724.92 4.81033325195
1431185726.02 4.77933883667
1431185727.13 6.58893585205
1431185728.23 5.05113601685
1431185729.34 5.29909133911
1431185730.44 4.77933883667
1431185731.54 4.71973419189
1431185732.65 4.74119186401
1431185733.75 4.90093231201
1431185734.85 4.98914718628
1431185735.96 4.84132766724
1431185737.06 4.75072860718
1431185738.16 4.75072860718
1431185739.27 5.04875183105
1431185740.37 4.94861602783
1431185741.47 4.84848022461
1431185742.57 4.71973419189
1431185743.68 4.78887557983
1431185744.78 4.92000579834
1431185745.88 5.07974624634
1431185746.99 4.97007369995
1431185748.09 4.73880767822
1431185749.19 4.9295425415
1431185750.3 4.91046905518
1431185751.4 5.04875183105
1431185752.5 4.96053695679
1431185753.61 4.73880767822
1431185754.71 4.74119186401
1431185755.82 4.84132766724
1431185756.92 5.02967834473
1431185758.02 4.75788116455
1431185759.13 4.92000579834
1431185760.23 5.21087646484
1431185761.34 5.12027740479
1431185762.44 5.05113601685
1431185763.54 4.85801696777
1431185764.65 4.77933883667
1431185765.75 4.86993789673
1431185766.85 5.74970245361
1431185767.96 4.82940673828
1431185769.06 4.97961044312
1431185770.16 4.88901138306
1431185771.27 4.90093231201
1431185772.37 4.95100021362
1431185773.47 5.12027740479
1431185774.58 4.90808486938
1431185775.68 4.86040115356
1431185776.78 4.82225418091
1431185777.89 4.96053695679
1431185778.99 4.958152771
1431185780.09 4.89139556885
1431185781.2 4.83179092407
1431185782.3 5.02967834473
1431185783.4 5.09881973267
1431185784.5 4.94146347046
1431185785.61 4.99153137207
1431185786.71 4.86993789673
1431185787.82 5.0106048584
1431185788.92 5.09881973267
1431185790.03 4.9295425415
1431185791.13 5.0106048584
1431185792.24 4.798412323
1431185793.34 5.13935089111
1431185794.44 4.96053695679
1431185795.55 4.81033325195
1431185796.65 5.03921508789
1431185797.76 4.798412323
1431185798.86 4.90093231201
1431185799.97 4.88901138306
1431185801.07 4.82940673828
1431185802.18 4.77933883667
1431185803.28 5.12027740479
1431185804.39 4.98914718628
1431185805.49 4.88901138306
1431185806.6 5.16080856323
1431185807.7 4.86993789673
1431185808.81 4.9295425415
1431185809.91 4.92000579834
1431185811.02 4.73880767822
1431185812.12 4.81033325195
1431185813.22 6.18839263916
1431185814.33 5.0106048584
1431185815.43 5.48028945923
1431185816.54 4.91046905518
1431185817.64 4.86993789673
1431185818.74 4.958152771
1431185819.85 4.78172302246
1431185820.95 4.97007369995
1431185822.05 4.93907928467
1431185823.16 4.81033325195
1431185824.26 4.97007369995
1431185825.36 5.06067276001
1431185826.46 4.97961044312
1431185827.57 4.86993789673
1431185828.67 4.81986999512
1431185829.77 5.3014755249
1431185830.88 5.02967834473
1431185831.98 4.81033325195
1431185833.08 4.81986999512
1431185834.18 4.77933883667
1431185835.29 4.88901138306
1431185836.39 5.32054901123
1431185837.49 5.10835647583
1431185838.6 5.03921508789
1431185839.7 4.76026535034
1431185840.8 4.73880767822
1431185841.91 5.27048110962
1431185843.01 4.97007369995
1431185844.11 4.9295425415
1431185845.21 4.95100021362
1431185846.32 4.79125976562
1431185847.42 5.02014160156
1431185848.52 4.61006164551
1431185849.62 5.58042526245
1431185850.73 4.82940673828
1431185851.83 4.97007369995
1431185852.94 5.07020950317
1431185854.04 4.92000579834
1431185855.14 4.97961044312
1431185856.24 5.02014160156
1431185857.35 5.15842437744
1431185858.45 5.26094436646
1431185859.55 4.78887557983
1431185860.66 4.9295425415
1431185861.76 4.87947463989
1431185862.86 4.97961044312
1431185863.97 4.77933883667
1431185865.07 4.79125976562
1431185866.17 4.92000579834
1431185867.28 5.12027740479
1431185868.38 5.04875183105
1431185869.49 5.0106048584
1431185870.59 4.97961044312
1431185871.69 5.61857223511
1431185872.79 4.77933883667
1431185873.9 4.95100021362
1431185875.0 5.3277015686
1431185876.1 4.74119186401
1431185877.21 4.86040115356
1431185878.31 4.8508644104
1431185879.41 4.9295425415
1431185880.52 4.66012954712
1431185881.62 4.83894348145
1431185882.72 4.89854812622
1431185883.83 4.91046905518
1431185884.93 4.97007369995
1431185886.04 4.97007369995
1431185887.14 5.04875183105
1431185888.24 4.83179092407
1431185889.34 5.0106048584
1431185890.45 4.93907928467
1431185891.55 5.04875183105
1431185892.65 4.7721862793
1431185893.76 4.86040115356
1431185894.86 4.88901138306
1431185895.97 5.0106048584
1431185897.07 4.91046905518
1431185898.17 5.49936294556
1431185899.28 4.96053695679
1431185900.38 4.73880767822
1431185901.48 5.04159927368
1431185902.59 4.79125976562
1431185903.69 4.83894348145
1431185904.79 4.77933883667
1431185905.9 4.8508644104
1431185907.0 4.86040115356
1431185908.1 5.21087646484
1431185909.21 4.98914718628
1431185910.31 4.86993789673
1431185911.41 5.51128387451
1431185912.52 8.80146026611
1431185913.62 5.07974624634
1431185914.72 4.92000579834
1431185915.82 5.02014160156
1431185916.93 4.89854812622
1431185918.03 4.73880767822
1431185919.13 4.94146347046
1431185920.23 4.88901138306
1431185921.34 5.00106811523
1431185922.44 4.97007369995
1431185923.55 5.04875183105
1431185924.65 4.88901138306
