1431185221.85 6.82973861694
1431185222.95 3.35836410522
1431185224.06 3.42988967896
1431185225.16 3.37028503418
1431185226.26 4.26912307739
1431185227.37 3.22961807251
1431185228.47 3.3392906189
1431185229.57 3.22961807251
1431185230.67 3.91149520874
1431185231.78 3.32975387573
1431185232.88 3.91864776611
1431185233.99 3.3392906189
1431185235.09 3.41081619263
1431185236.2 3.37028503418
1431185237.3 3.5514831543
1431185238.41 3.44896316528
1431185239.51 3.44896316528
1431185240.61 3.3917427063
1431185241.71 3.30829620361
1431185242.82 3.41081619263
1431185243.92 3.43942642212
1431185245.02 3.47995758057
1431185246.12 4.62913513184
1431185247.23 3.47995758057
1431185248.33 3.54194641113
1431185249.43 3.35121154785
1431185250.53 3.73029708862
1431185251.64 3.25107574463
1431185252.74 3.22961807251
1431185253.84 3.37982177734
1431185254.94 3.50856781006
1431185256.05 3.28922271729
1431185257.15 3.35121154785
1431185258.25 3.36074829102
1431185259.36 3.64923477173
1431185260.46 3.32975387573
1431185261.56 3.23915481567
1431185262.66 3.75175476074
1431185263.77 3.47995758057
1431185264.87 3.30829620361
1431185265.98 3.4704208374
1431185267.08 3.53002548218
1431185268.18 3.72076034546
1431185269.29 3.59201431274
1431185270.39 3.23915481567
1431185271.49 3.40843200684
1431185272.59 3.27968597412
1431185273.7 3.41081619263
1431185274.8 3.41081619263
1431185275.9 3.32975387573
1431185277.0 3.32021713257
1431185278.1 3.35836410522
1431185279.21 3.34882736206
1431185280.31 3.42035293579
1431185281.41 3.41796875
1431185282.52 3.22961807251
1431185283.62 3.36074829102
1431185284.72 3.45134735107
1431185285.82 3.53002548218
1431185286.93 3.53002548218
1431185288.03 3.24869155884
1431185289.13 3.36074829102
1431185290.23 3.35121154785
1431185291.33 3.44181060791
1431185292.44 3.37028503418
1431185293.54 3.3106803894
1431185294.64 3.59916687012
1431185295.74 3.22961807251
1431185296.85 3.27968597412
1431185297.95 3.42988967896
1431185299.05 3.45134735107
1431185300.15 3.32021713257
1431185301.26 3.51095199585
1431185302.36 3.51095199585
1431185303.46 3.41081619263
1431185304.56 3.29160690308
1431185305.67 3.2320022583
1431185306.77 3.22961807251
1431185307.87 3.28922271729
1431185308.97 3.45134735107
1431185310.08 3.26061248779
1431185311.18 3.49903106689
1431185312.28 3.42988967896
1431185313.38 3.73983383179
1431185314.49 3.42988967896
1431185315.59 3.32021713257
1431185316.69 3.26776504517
1431185317.8 3.57055664062
1431185318.9 3.32021713257
1431185320.0 3.37982177734
1431185321.1 3.30114364624
1431185322.21 3.29160690308
1431185323.31 3.54194641113
1431185324.41 3.38935852051
1431185325.51 3.38935852051
1431185326.62 3.35121154785
1431185327.72 3.3106803894
1431185328.82 3.42988967896
1431185329.92 3.3392906189
1431185331.03 3.35836410522
1431185332.13 3.54194641113
1431185333.23 3.46088409424
1431185334.33 3.4704208374
1431185335.44 3.53002548218
1431185336.54 3.4704208374
1431185337.64 3.37028503418
1431185338.74 3.27968597412
1431185339.85 3.3392906189
1431185340.95 3.64923477173
1431185342.05 3.37982177734
1431185343.16 3.72076034546
1431185344.26 3.28922271729
1431185345.36 3.49903106689
1431185346.46 3.4704208374
1431185347.57 3.32975387573
1431185348.67 3.22008132935
1431185349.77 3.25107574463
1431185350.87 3.79943847656
1431185351.98 3.28922271729
1431185353.08 3.62062454224
1431185354.18 3.22008132935
1431185355.28 4.56953048706
1431185356.39 3.35836410522
1431185357.49 3.58963012695
1431185358.59 3.19147109985
1431185359.69 3.38935852051
1431185360.8 3.41081619263
1431185361.9 3.40127944946
1431185363.0 3.38935852051
1431185364.1 3.9496421814
1431185365.21 3.22961807251
1431185366.31 3.3917427063
1431185367.41 3.44181060791
1431185368.51 3.51810455322
1431185369.62 3.24869155884
1431185370.72 3.22008132935
1431185371.82 3.42035293579
1431185372.93 3.39889526367
1431185374.03 3.27968597412
1431185375.13 3.54909896851
1431185376.23 3.47995758057
1431185377.34 3.51095199585
1431185378.44 3.37982177734
1431185379.54 3.48949432373
1431185380.64 3.30114364624
1431185381.75 3.32021713257
1431185382.85 3.27968597412
1431185383.95 3.32975387573
1431185385.06 3.3392906189
1431185386.16 3.27968597412
1431185387.27 3.38935852051
1431185388.37 3.84950637817
1431185389.47 3.49903106689
1431185390.57 3.52048873901
1431185391.68 3.37982177734
1431185392.78 3.24869155884
1431185393.88 3.46088409424
1431185394.98 3.45134735107
1431185396.08 3.31783294678
1431185397.19 3.32975387573
1431185398.29 3.28922271729
1431185399.39 3.65161895752
1431185400.49 3.42988967896
1431185401.6 3.47995758057
1431185402.7 3.31783294678
1431185403.8 3.37982177734
1431185404.9 3.72076034546
1431185406.01 3.26061248779
1431185407.11 3.97825241089
1431185408.21 3.30114364624
1431185409.31 3.29160690308
1431185410.42 3.40127944946
1431185411.52 3.56817245483
1431185412.62 3.32975387573
1431185413.73 3.42988967896
1431185414.83 3.39889526367
1431185415.93 3.41081619263
1431185417.04 3.1795501709
1431185418.14 3.35121154785
1431185419.24 3.3917427063
1431185420.34 3.23915481567
1431185421.45 3.58009338379
1431185422.55 3.4704208374
1431185423.65 3.7899017334
1431185424.75 3.36074829102
1431185425.86 3.27968597412
1431185426.96 3.3106803894
1431185428.06 3.93056869507
1431185429.17 3.35121154785
1431185430.27 3.43942642212
1431185431.37 3.26061248779
1431185432.47 3.42035293579
1431185433.58 3.49903106689
1431185434.68 3.37982177734
1431185435.78 3.30829620361
1431185436.89 3.28922271729
1431185437.99 3.6301612854
1431185439.09 3.47995758057
1431185440.19 3.76129150391
1431185441.3 3.47995758057
1431185442.4 3.71837615967
1431185443.5 3.43942642212
1431185444.6 3.56817245483
1431185445.71 3.30829620361
1431185446.81 3.37982177734
1431185447.91 3.6301612854
1431185449.01 3.34167480469
1431185450.12 3.34882736206
1431185451.22 3.37028503418
1431185452.32 3.24153900146
1431185453.42 3.48949432373
1431185454.53 3.26061248779
1431185455.63 3.55863571167
1431185456.73 3.34167480469
1431185457.83 3.42988967896
1431185458.94 3.43942642212
1431185460.04 3.32975387573
1431185461.14 3.62062454224
1431185462.24 3.3106803894
1431185463.35 3.36074829102
1431185464.45 3.52048873901
1431185465.55 3.25107574463
1431185466.65 3.54909896851
1431185467.76 3.3106803894
1431185468.86 3.36074829102
1431185469.96 3.40127944946
1431185471.07 3.50141525269
1431185472.17 3.34882736206
1431185473.27 3.58963012695
1431185474.37 3.85904312134
1431185475.48 3.6301612854
1431185476.58 3.32021713257
1431185477.68 3.40127944946
1431185478.78 3.32975387573
1431185479.89 3.32021713257
1431185480.99 3.32021713257
1431185482.09 3.24153900146
1431185483.2 3.37028503418
1431185484.3 3.27968597412
1431185485.4 4.63151931763
1431185486.5 3.37982177734
1431185487.61 3.46803665161
1431185488.71 3.45849990845
1431185489.81 3.48949432373
1431185490.92 3.43942642212
1431185492.02 3.58963012695
1431185493.12 3.37982177734
1431185494.22 4.2405128479
1431185495.33 3.22008132935
1431185496.43 3.32021713257
1431185497.53 3.35836410522
1431185498.63 3.94010543823
1431185499.74 3.52048873901
1431185500.84 3.3917427063
1431185501.94 3.28922271729
1431185503.04 4.21905517578
1431185504.15 3.27014923096
1431185505.25 3.31783294678
1431185506.35 3.49187850952
1431185507.45 3.3392906189
1431185508.56 3.74937057495
1431185509.66 3.27014923096
1431185510.76 3.43942642212
1431185511.87 3.37028503418
1431185512.97 3.42988967896
1431185514.07 3.24869155884
1431185515.17 3.88050079346
1431185516.28 3.32975387573
1431185517.38 3.3106803894
1431185518.48 3.45134735107
1431185519.58 3.40127944946
1431185520.69 3.37028503418
1431185521.79 3.42035293579
1431185522.89 3.37028503418
1431185523.99 3.32021713257
1431185525.1 3.62062454224
1431185526.2 3.26061248779
